image: map_2d_Acad.pgm
resolution: 0.050000
origin: [-10.043922, -11.347999, 0.000000]
negate: 0
occupied_thresh: 0.65
free_thresh: 0.196

